27144647,1414435607875,31260453884000,-0.3786833584308624,-0.686001718044281,0.4132503569126129
27144647,1414435607883,31260462398000,-0.36249542236328125,-0.8155050873756409,0.3286454975605011
27144647,1414435607895,31260473873000,-0.31148815155029297,-0.8594874143600464,0.2122756689786911
27144647,1414435607903,31260482418000,-0.2445984184741974,-0.817948579788208,0.07666358351707458
27144647,1414435607914,31260493923000,-0.18687164783477783,-0.7641924023628235,-0.0555887408554554
27144647,1414435607923,31260503292000,-0.1682402640581131,-0.750142514705658,-0.11301007866859436
27144647,1414435607936,31260513943000,-0.15021973848342896,-0.751669704914093,-0.2064724713563919
27144647,1414435607945,31260522457000,-0.15602296590805054,-0.7556403279304504,-0.2877175211906433
27144647,1414435607956,31260534023000,-0.1890096813440323,-0.7657195925712585,-0.3677408695220947
27144647,1414435607964,31260542538000,-0.23543542623519897,-0.7834346890449524,-0.4291328191757202
27144647,1414435607989,31260554256000,-0.2833883464336395,-0.8255844116210938,-0.4657847583293915
27144647,1414435607992,31260565456000,-0.2998817265033722,-0.8927795886993408,-0.5592471361160278
27144647,1414435607994,31260574001000,-0.2843046486377716,-0.912021815776825,-0.6267477869987488
27144648,1414435608003,31260582577000,-0.24582013487815857,-0.9162978529930115,-0.6792821884155273
27144648,1414435608014,31260593990000,-0.25712114572525024,-0.9761626720428467,-0.6072000861167908
27144648,1414435608023,31260602535000,-0.32248374819755554,-1.0348057746887207,-0.5345070958137512
27144648,1414435608034,31260614040000,-0.4000636339187622,-0.9718866348266602,-0.4648684561252594
27144648,1414435608045,31260624447000,-0.44954371452331543,-0.8228355050086975,-0.347276896238327
27144648,1414435608055,31260634090000,-0.45412519574165344,-0.695164680480957,-0.2675589621067047
27144648,1414435608063,31260642605000,-0.3490563929080963,-0.6328564286231995,-0.09498955309391022
27144648,1414435608075,31260654110000,-0.052175864577293396,-0.46670106053352356,0.035124748945236206
27144648,1414435608083,31260662624000,0.2251569628715515,-0.38209623098373413,0.031154125928878784
27144648,1414435608095,31260674160000,0.3262551426887512,-0.5372560024261475,-0.11056661605834961
27144648,1414435608106,31260685085000,0.25875455141067505,-0.8020660877227783,-0.24892757833003998
27144648,1414435608115,31260694118000,0.0742732360959053,-1.0610729455947876,-0.3197879493236542
27144648,1414435608123,31260702633000,-0.04026399180293083,-1.1423180103302002,-0.33689215779304504
27144648,1414435608135,31260714107000,-0.2781960070133209,-1.104138970375061,-0.3390302062034607
27144648,1414435608144,31260722652000,-0.5069650411605835,-0.9679160118103027,-0.30695977807044983
27144648,1414435608160,31260734371000,-0.6929734945297241,-0.874453604221344,-0.2669481039047241
27144648,1414435608171,31260745144000,-0.7998749017715454,-0.874453604221344,-0.25961771607398987
27144648,1414435608178,31260754177000,-0.7977368831634521,-0.9181304574012756,-0.3045163154602051
27144648,1414435608183,31260762691000,-0.7635284066200256,-0.9859365224838257,-0.3436116874217987
27144648,1414435608195,31260774166000,-0.6636519432067871,-1.0399980545043945,-0.4340197443962097
27144648,1414435608203,31260782680000,-0.5598048567771912,-1.1921035051345825,-0.5180137753486633
27144648,1414435608215,31260794216000,-0.47886523604393005,-1.370476245880127,-0.589790403842926
27144648,1414435608225,31260804592000,-0.421443909406662,-1.5256359577178955,-0.6527095437049866
27144648,1414435608235,31260814205000,-0.3799050748348236,-1.6572774648666382,-0.6957755088806152
27144648,1414435608243,31260822719000,-0.3554704785346985,-1.713782548904419,-0.7015787363052368
27144648,1414435608255,31260834225000,-0.3487509489059448,-1.6508634090423584,-0.6878342628479004
27144648,1414435608263,31260842739000,-0.33164671063423157,-1.5851954221725464,-0.6417139768600464
27144648,1414435608275,31260854305000,-0.2989654242992401,-1.4056010246276855,-0.5827654600143433
27144648,1414435608285,31260863857000,-0.23665717244148254,-1.177748203277588,-0.5036584138870239
27144648,1414435608296,31260874355000,-0.1373915672302246,-0.950506329536438,-0.40256017446517944
27144648,1414435608306,31260882870000,-0.022548899054527283,-0.7574729323387146,-0.2886338233947754
27144648,1414435608316,31260894314000,0.028763778507709503,-0.5907067060470581,-0.22937990725040436
27144648,1414435608323,31260902828000,0.11703380197286606,-0.5158756971359253,-0.11056661605834961
27144648,1414435608338,31260914547000,0.26883381605148315,-0.3875940144062042,-0.0018325969576835632
27144648,1414435608344,31260923519000,0.5391417145729065,-0.19364430010318756,0.07666358351707458
27144648,1414435608355,31260934322000,0.7608857750892639,0.022907420992851257,0.09346237778663635
27144648,1414435608363,31260942837000,0.8344950675964355,0.03176496922969818,0.05222897604107857
27144648,1414435608374,31260954342000,0.7422544360160828,-0.06780606508255005,-0.012522738426923752
27144648,1414435608384,31260962856000,0.6341312527656555,-0.17806723713874817,-0.04703662171959877
27144648,1414435608395,31260974422000,0.3070128858089447,-0.22327126562595367,-0.10781772434711456
27144648,1414435608409,31260985439000,-0.12975575029850006,-0.27947086095809937,-0.14416420459747314
27144648,1414435608421,31260994411000,-0.5686624050140381,-0.32528576254844666,-0.14966198801994324
27144648,1414435608424,31261002956000,-0.8624885678291321,-0.3640757203102112,-0.11667527258396149
27144648,1414435608435,31261014400000,-0.9620596170425415,-0.34636062383651733,-0.06414085626602173
27144648,1414435608443,31261022945000,-0.9498423337936401,-0.32131513953208923,-0.044593166559934616
27144648,1414435608455,31261034450000,-0.8340833783149719,-0.3182608187198639,-0.029626961797475815
27144648,1414435608464,31261043789000,-0.6376901865005493,-0.28924471139907837,-0.028405237942934036
27144648,1414435608475,31261054439000,-0.4113646447658539,-0.1823432892560959,-0.021991152316331863
27144648,1414435608484,31261062954000,-0.18229016661643982,-0.030848711729049683,-0.0073303841054439545
27144648,1414435608495,31261074489000,0.01776820421218872,0.11331547796726227,0.010995574295520782
27144648,1414435608504,31261082973000,0.1707899272441864,0.22663100063800812,0.03084869496524334
27144648,1414435608514,31261094692000,0.22729498147964478,0.3084869384765625,0.047342054545879364
27144648,1414435608526,31261103939000,0.30395856499671936,0.34636056423187256,0.09804387390613556
27144648,1414435608536,31261114559000,0.3415267765522003,0.41661012172698975,0.15485434234142303
27144648,1414435608545,31261123073000,0.3467191457748413,0.4755585789680481,0.20861047506332397
27144648,1414435608556,31261134579000,0.310678094625473,0.5192354321479797,0.24037547409534454
27144648,1414435608564,31261143093000,0.2257678210735321,0.5653557777404785,0.23151792585849762
27144648,1414435608576,31261154629000,0.16804105043411255,0.6020076870918274,0.21471913158893585
27144648,1414435608585,31261163967000,0.03792675584554672,0.5922338366508484,0.1716531366109848
27144648,1414435608596,31261174618000,-0.09188210964202881,0.5054909586906433,0.14385876059532166
27144648,1414435608605,31261183132000,-0.18656621873378754,0.37048977613449097,0.15454891324043274
27144648,1414435608616,31261194790000,-0.2332974076271057,0.26511549949645996,0.2275473028421402
27144648,1414435608625,31261203152000,-0.2186366319656372,0.26603180170059204,0.3695734739303589
27144648,1414435608636,31261214687000,-0.12364709377288818,0.388815701007843,0.5427537560462952
27144648,1414435608645,31261223843000,-0.046678077429533005,0.5873469114303589,0.6298020482063293
27144648,1414435608656,31261234676000,0.15674003958702087,0.6957755088806152,0.7867944240570068
27144648,1414435608665,31261243191000,0.4032241702079773,0.91354900598526,0.8906415104866028
27144648,1414435608676,31261254696000,0.6243574023246765,1.1352930068969727,0.9065240025520325
27144648,1414435608685,31261263210000,0.761802077293396,1.3597859144210815,0.8313875794410706
27144648,1414435608697,31261274959000,0.8054789900779724,1.5219707489013672,0.7522805333137512
27144648,1414435608706,31261284084000,0.7963159680366516,1.5668692588806152,0.7312057018280029
27144648,1414435608716,31261294765000,0.7217904329299927,1.563204050064087,0.7134906053543091
27144648,1414435608726,31261303402000,0.5788479447364807,1.5894713401794434,0.7229589819908142
27144648,1414435608738,31261314876000,0.3876470923423767,1.7330245971679688,0.76846843957901
27144648,1414435608746,31261323391000,0.1659030318260193,1.9330830574035645,0.8326092958450317
27144648,1414435608755,31261334743000,-0.019800007343292236,2.0665571689605713,0.8597928285598755
27144648,1414435608765,31261343929000,0.10054045170545578,2.0534234046936035,0.6747006177902222
27144648,1414435608775,31261354763000,0.2758587598800659,1.6239851713180542,0.4554000496864319
27144648,1414435608784,31261363247000,0.4789714515209198,1.2235630750656128,-0.002748895436525345
27144648,1414435608795,31261374752000,0.3387778699398041,0.28649580478668213,-0.09315694868564606
27144648,1414435608804,31261383297000,0.1246696189045906,-0.40683627128601074,0.08521570265293121
27144648,1414435608816,31261394802000,-0.026824958622455597,-0.6157521605491638,0.1618792861700058
27144648,1414435608826,31261403988000,-0.17160001397132874,-0.48838678002357483,0.1111774742603302
27144648,1414435608836,31261414791000,-0.24734732508659363,-0.2021964192390442,0.08399397134780884
27144648,1414435608845,31261423336000,-0.3811268210411072,-0.05192355811595917,0.055894169956445694
27144648,1414435608856,31261434841000,-0.45351433753967285,0.17043139040470123,0.0555887371301651
27144648,1414435608864,31261443355000,-0.4510708749294281,0.1869247406721115,0.09285151958465576
