27162413,1414441453063,36448041947000,-0.7286161780357361,-0.8881051540374756,-0.24161048233509064
27162413,1414441453065,36448051987000,-0.7240346670150757,-0.954994797706604,-0.2825384736061096
27162413,1414441453066,36448041947000,-0.7286161780357361,-0.8881051540374756,-0.24161048233509064
27162413,1414441453068,36448051987000,-0.7240346670150757,-0.954994797706604,-0.2825384736061096
27162413,1414441453075,36448063797000,-0.7576322555541992,-0.8624488115310669,-0.3598129153251648
27162413,1414441453077,36448063797000,-0.7576322555541992,-0.8624488115310669,-0.3598129153251648
27162413,1414441453081,36448072007000,-0.8352121710777283,-0.7048455476760864,-0.45907849073410034
27162413,1414441453083,36448072007000,-0.8352121710777283,-0.7048455476760864,-0.45907849073410034
27162413,1414441453091,36448081986000,-0.9112648963928223,-0.6232950091362,-0.49878472089767456
27162413,1414441453093,36448081986000,-0.9112648963928223,-0.6232950091362,-0.49878472089767456
27162413,1414441453101,36448091965000,-0.9204278588294983,-0.5451042652130127,-0.47404468059539795
27162413,1414441453103,36448091965000,-0.9204278588294983,-0.5451042652130127,-0.47404468059539795
27162413,1414441453111,36448102005000,-0.8669771552085876,-0.482490599155426,-0.36164551973342896
27162413,1414441453113,36448102005000,-0.8669771552085876,-0.482490599155426,-0.36164551973342896
27162413,1414441453121,36448112015000,-0.7548834085464478,-0.39635857939720154,-0.23489098250865936
27162413,1414441453123,36448112015000,-0.7548834085464478,-0.39635857939720154,-0.23489098250865936
27162413,1414441453133,36448124100000,-0.6201875805854797,-0.40521612763404846,-0.1328764706850052
27162413,1414441453135,36448124100000,-0.6201875805854797,-0.40521612763404846,-0.1328764706850052
27162413,1414441453141,36448132035000,-0.4793831408023834,-0.44614410400390625,-0.04460644721984863
27162413,1414441453143,36448132035000,-0.4793831408023834,-0.44614410400390625,-0.04460644721984863
27162413,1414441453151,36448142014000,-0.34590908885002136,-0.46049943566322327,0.03541690111160278
27162413,1414441453153,36448142014000,-0.34590908885002136,-0.46049943566322327,0.03541690111160278
27162413,1414441453161,36448152024000,-0.24420002102851868,-0.424458384513855,0.08734044432640076
27162413,1414441453163,36448152024000,-0.24420002102851868,-0.424458384513855,0.08734044432640076
27162413,1414441453171,36448162003000,-0.2124350219964981,-0.38078153133392334,0.1001686155796051
27162413,1414441453173,36448162003000,-0.2124350219964981,-0.38078153133392334,0.1001686155796051
27162413,1414441453181,36448172043000,-0.1831134855747223,-0.3676479160785675,0.11818914115428925
27162413,1414441453183,36448172043000,-0.1831134855747223,-0.3676479160785675,0.11818914115428925
27162413,1414441453193,36448183945000,-0.18372435867786407,-0.338631808757782,0.15484105050563812
27162413,1414441453195,36448183945000,-0.18372435867786407,-0.338631808757782,0.15484105050563812
27162413,1414441453201,36448192032000,-0.19869054853916168,-0.2607465088367462,0.1963798999786377
27162413,1414441453203,36448192032000,-0.19869054853916168,-0.2607465088367462,0.1963798999786377
27162413,1414441453211,36448202073000,-0.21121329069137573,-0.15903744101524353,0.2211199402809143
27162413,1414441453213,36448202073000,-0.21121329069137573,-0.15903744101524353,0.2211199402809143
27162413,1414441453224,36448212143000,-0.2075480967760086,-0.07290543615818024,0.2418893575668335
27162413,1414441453227,36448212143000,-0.2075480967760086,-0.07290543615818024,0.2418893575668335
27162413,1414441453233,36448222184000,-0.19471992552280426,-0.008764579892158508,0.2528849244117737
27162413,1414441453236,36448222184000,-0.19471992552280426,-0.008764579892158508,0.2528849244117737
27162413,1414441453242,36448232102000,-0.1372985988855362,-0.0038776695728302,0.2721271812915802
27162413,1414441453245,36448232102000,-0.1372985988855362,-0.0038776695728302,0.2721271812915802
27162413,1414441453253,36448244034000,-0.004435412585735321,-0.03778068721294403,0.2620478868484497
27162413,1414441453256,36448244034000,-0.004435412585735321,-0.03778068721294403,0.2620478868484497
27162413,1414441453262,36448252152000,0.18432195484638214,-0.08542817831039429,0.21501128375530243
27162413,1414441453265,36448252152000,0.18432195484638214,-0.08542817831039429,0.21501128375530243
27162413,1414441453272,36448262101000,0.31932318210601807,-0.21768049895763397,0.15758994221687317
27162413,1414441453274,36448262101000,0.31932318210601807,-0.21768049895763397,0.15758994221687317
27162413,1414441453281,36448272171000,0.3547533452510834,-0.35451430082321167,0.12154889851808548
27162413,1414441453284,36448272171000,0.3547533452510834,-0.35451430082321167,0.12154889851808548
27162413,1414441453291,36448282151000,0.2887799143791199,-0.3380209505558014,0.11269135028123856
27162413,1414441453294,36448282151000,0.2887799143791199,-0.3380209505558014,0.11269135028123856
27162413,1414441453301,36448292130000,0.2221955955028534,-0.27388009428977966,0.10933159291744232
27162413,1414441453304,36448292130000,0.2221955955028534,-0.27388009428977966,0.10933159291744232
27162413,1414441453313,36448304276000,0.03221650421619415,-0.24944549798965454,0.09161650389432907
27162413,1414441453316,36448304276000,0.03221650421619415,-0.24944549798965454,0.09161650389432907
27162413,1414441453321,36448312180000,-0.20541007816791534,-0.1813340187072754,0.06290583312511444
27162413,1414441453323,36448312180000,-0.20541007816791534,-0.1813340187072754,0.06290583312511444
27162413,1414441453331,36448322190000,-0.4363171458244324,-0.09245312213897705,0.02655935287475586
27162413,1414441453333,36448322190000,-0.4363171458244324,-0.09245312213897705,0.02655935287475586
27162413,1414441453341,36448332200000,-0.585368275642395,-0.014262378215789795,-0.0207827091217041
27162413,1414441453344,36448332200000,-0.585368275642395,-0.014262378215789795,-0.0207827091217041
27162413,1414441453359,36448342179000,-0.6104137301445007,0.04224267601966858,-0.07759317755699158
27162413,1414441453361,36448342179000,-0.6104137301445007,0.04224267601966858,-0.07759317755699158
27162413,1414441453363,36448352189000,-0.5868954658508301,0.03857746720314026,-0.10355494916439056
27162413,1414441453365,36448352189000,-0.5868954658508301,0.03857746720314026,-0.10355494916439056
27162413,1414441453373,36448364090000,-0.5047340393066406,0.00772877037525177,-0.13318191468715668
27162413,1414441453375,36448364090000,-0.5047340393066406,0.00772877037525177,-0.13318191468715668
27162413,1414441453381,36448372269000,-0.40210866928100586,-0.10558672249317169,-0.15181328356266022
27162413,1414441453383,36448372269000,-0.40210866928100586,-0.10558672249317169,-0.15181328356266022
27162413,1414441453392,36448382462000,-0.304370254278183,-0.24730746448040009,-0.19549016654491425
27162413,1414441453394,36448382462000,-0.304370254278183,-0.24730746448040009,-0.19549016654491425
27162413,1414441453401,36448392228000,-0.22495776414871216,-0.36459359526634216,-0.265434205532074
27162413,1414441453403,36448392228000,-0.22495776414871216,-0.36459359526634216,-0.265434205532074
27162413,1414441453413,36448402298000,-0.17456138134002686,-0.4583613872528076,-0.3231610059738159
27162413,1414441453415,36448402298000,-0.17456138134002686,-0.4583613872528076,-0.3231610059738159
27162413,1414441453421,36448412278000,-0.12477586418390274,-0.5328869819641113,-0.34057068824768066
27162413,1414441453424,36448412278000,-0.12477586418390274,-0.5328869819641113,-0.34057068824768066
27162413,1414441453433,36448424118000,-0.10003582388162613,-0.5554889440536499,-0.3277425169944763
27162413,1414441453435,36448424118000,-0.10003582388162613,-0.5554889440536499,-0.3277425169944763
27162413,1414441453441,36448432267000,-0.0759066492319107,-0.5496857166290283,-0.27704066038131714
27162413,1414441453444,36448432267000,-0.0759066492319107,-0.5496857166290283,-0.27704066038131714
27162413,1414441453451,36448442276000,-0.0966760665178299,-0.5423554182052612,-0.23458553850650787
27162413,1414441453454,36448442276000,-0.0966760665178299,-0.5423554182052612,-0.23458553850650787
27162413,1414441453461,36448452347000,-0.1476833075284958,-0.5567107200622559,-0.20007164776325226
27162413,1414441453464,36448452347000,-0.1476833075284958,-0.5567107200622559,-0.20007164776325226
27162413,1414441453471,36448462326000,-0.21365675330162048,-0.5612921714782715,-0.16341973841190338
27162413,1414441453474,36448462326000,-0.21365675330162048,-0.5612921714782715,-0.16341973841190338
27162413,1414441453482,36448472336000,-0.2542792856693268,-0.5386902093887329,-0.13043300807476044
27162413,1414441453484,36448472336000,-0.2542792856693268,-0.5386902093887329,-0.13043300807476044
27162413,1414441453494,36448484421000,-0.26588574051856995,-0.4827960133552551,-0.112107053399086
27162413,1414441453496,36448484421000,-0.26588574051856995,-0.4827960133552551,-0.112107053399086
27162413,1414441453501,36448492386000,-0.28024107217788696,-0.4476712644100189,-0.06384870409965515
27162413,1414441453503,36448492386000,-0.28024107217788696,-0.4476712644100189,-0.06384870409965515
27162413,1414441453511,36448502396000,-0.2692455053329468,-0.36948052048683167,-0.00490020215511322
27162413,1414441453514,36448502396000,-0.2692455053329468,-0.36948052048683167,-0.00490020215511322
27162413,1414441453522,36448512375000,-0.2521412670612335,-0.29373323917388916,0.029613681137561798
27162413,1414441453524,36448512375000,-0.2521412670612335,-0.29373323917388916,0.029613681137561798
27162413,1414441453534,36448522416000,-0.22709578275680542,-0.2662442922592163,0.0012084469199180603
27162413,1414441453536,36448522416000,-0.22709578275680542,-0.2662442922592163,0.0012084469199180603
27162413,1414441453543,36448532395000,-0.1770048439502716,-0.24578030407428741,-0.05529658496379852
27162413,1414441453545,36448532395000,-0.1770048439502716,-0.24578030407428741,-0.05529658496379852
27162413,1414441453554,36448544297000,-0.13577143847942352,-0.17247647047042847,-0.10080605745315552
27162413,1414441453556,36448544297000,-0.13577143847942352,-0.17247647047042847,-0.10080605745315552
27162413,1414441453563,36448552384000,-0.11103139817714691,-0.10741932690143585,-0.11882656812667847
27162413,1414441453565,36448552384000,-0.11103139817714691,-0.10741932690143585,-0.11882656812667847
27162413,1414441453572,36448562394000,-0.031008049845695496,-0.08084668219089508,-0.13440363109111786
27162413,1414441453574,36448562394000,-0.031008049845695496,-0.08084668219089508,-0.13440363109111786
27162413,1414441453582,36448572403000,0.031605638563632965,-0.09092596173286438,-0.10263864696025848
27162413,1414441453585,36448572403000,0.031605638563632965,-0.09092596173286438,-0.10263864696025848
27162413,1414441453591,36448582444000,0.012363383546471596,-0.23967164754867554,-0.035443469882011414
27162413,1414441453594,36448582444000,0.012363383546471596,-0.23967164754867554,-0.035443469882011414
27162413,1414441453602,36448592453000,-0.09820322692394257,-0.3487111032009125,0.03572233021259308
27162413,1414441453604,36448592453000,-0.09820322692394257,-0.3487111032009125,0.03572233021259308
27162413,1414441453615,36448604294000,-0.22923381626605988,-0.3175569772720337,0.0952816903591156
27162413,1414441453617,36448604294000,-0.22923381626605988,-0.3175569772720337,0.0952816903591156
27162413,1414441453628,36448612442000,-0.27107807993888855,-0.1959947794675827,0.12124346941709518
27162413,1414441453630,36448612442000,-0.27107807993888855,-0.1959947794675827,0.12124346941709518
27162413,1414441453632,36448622483000,-0.29062578082084656,-0.11963662505149841,0.15942254662513733
27162413,1414441453638,36448622483000,-0.29062578082084656,-0.11963662505149841,0.15942254662513733
27162413,1414441453642,36448632493000,-0.23534247279167175,-0.009986311197280884,0.16339316964149475
27162413,1414441453644,36448632493000,-0.23534247279167175,-0.009986311197280884,0.16339316964149475
27162413,1414441453651,36448642472000,-0.09087284654378891,-0.006931990385055542,0.1560627818107605
27162413,1414441453653,36448642472000,-0.09087284654378891,-0.006931990385055542,0.1560627818107605
27162413,1414441453661,36448652512000,0.13728533685207367,-0.030755728483200073,0.17744307219982147
27162413,1414441453663,36448652512000,0.13728533685207367,-0.030755728483200073,0.17744307219982147
27162413,1414441453673,36448663773000,0.3987356424331665,-8.233338594436646E-4,0.22539599239826202
27162413,1414441453675,36448663773000,0.3987356424331665,-8.233338594436646E-4,0.22539599239826202
27162413,1414441453681,36448672501000,0.6354458928108215,0.07492396235466003,0.27548694610595703
27162413,1414441453683,36448672501000,0.6354458928108215,0.07492396235466003,0.27548694610595703
27162413,1414441453690,36448682541000,0.7356278300285339,0.14883863925933838,0.30480846762657166
27162413,1414441453692,36448682541000,0.7356278300285339,0.14883863925933838,0.30480846762657166
27162413,1414441453702,36448692521000,0.9030048847198486,0.18946117162704468,0.3686438798904419
27162413,1414441453704,36448692521000,0.9030048847198486,0.18946117162704468,0.3686438798904419
27162413,1414441453711,36448702561000,1.013877034187317,0.28750506043434143,0.39002418518066406
27162413,1414441453713,36448702561000,1.013877034187317,0.28750506043434143,0.39002418518066406
27162413,1414441453722,36448712540000,1.0358681678771973,0.32232436537742615,0.35031795501708984
27162413,1414441453724,36448712540000,1.0358681678771973,0.32232436537742615,0.35031795501708984
27162413,1414441453733,36448723282000,0.9824174046516418,0.2594052851200104,0.3075573444366455
27162413,1414441453735,36448723282000,0.9824174046516418,0.2594052851200104,0.3075573444366455
27162413,1414441453741,36448732621000,0.8687964081764221,0.22641852498054504,0.327410489320755
27162413,1414441453744,36448732621000,0.8687964081764221,0.22641852498054504,0.327410489320755
27162413,1414441453752,36448742569000,0.8003795146942139,0.24107930064201355,0.35948091745376587
27162413,1414441453754,36448742569000,0.8003795146942139,0.24107930064201355,0.35948091745376587
27162413,1414441453763,36448752671000,0.6815662384033203,0.2490205466747284,0.4440857768058777
27162413,1414441453766,36448752671000,0.6815662384033203,0.2490205466747284,0.4440857768058777
27162413,1414441453773,36448762680000,0.6195634007453918,0.2740660011768341,0.5357155203819275
27162413,1414441453776,36448762680000,0.6195634007453918,0.2740660011768341,0.5357155203819275
27162413,1414441453783,36448772721000,0.6162036657333374,0.3403448760509491,0.5931368470191956
27162413,1414441453786,36448772721000,0.6162036657333374,0.3403448760509491,0.5931368470191956
27162413,1414441453796,36448785660000,0.6372784972190857,0.41761937737464905,0.5830575823783875
27162413,1414441453799,36448785660000,0.6372784972190857,0.41761937737464905,0.5830575823783875
27162413,1414441453803,36448792710000,0.6421654224395752,0.42769864201545715,0.5335775017738342
27162413,1414441453806,36448792710000,0.6421654224395752,0.42769864201545715,0.5335775017738342
27162413,1414441453814,36448804032000,0.622006893157959,0.3696664273738861,0.4935658574104309
27162413,1414441453816,36448804032000,0.622006893157959,0.3696664273738861,0.4935658574104309
27162413,1414441453822,36448812668000,0.6012374758720398,0.293308287858963,0.48684632778167725
27162413,1414441453824,36448812668000,0.6012374758720398,0.293308287858963,0.48684632778167725
27162413,1414441453832,36448822678000,0.5294607877731323,0.2481042444705963,0.4950929880142212
27162413,1414441453838,36448822678000,0.5294607877731323,0.2481042444705963,0.4950929880142212
27162413,1414441453842,36448832718000,0.4237811267375946,0.15128210186958313,0.5186113119125366
27162413,1414441453845,36448832718000,0.4237811267375946,0.15128210186958313,0.5186113119125366
27162413,1414441453870,36448845383000,0.3342893719673157,0.08469778299331665,0.5332720875740051
27162413,1414441453873,36448853653000,0.3168797194957733,0.05873602628707886,0.5155569911003113
27162413,1414441453882,36448862687000,0.3443686366081238,0.04926761984825134,0.455386757850647
27162413,1414441453886,36448872696000,0.3630000352859497,0.048962175846099854,0.4181239604949951
27162413,1414441453889,36448845383000,0.3342893719673157,0.08469778299331665,0.5332720875740051
27162413,1414441453891,36448853653000,0.3168797194957733,0.05873602628707886,0.5155569911003113
27162413,1414441453893,36448862687000,0.3443686366081238,0.04926761984825134,0.455386757850647
27162413,1414441453895,36448872696000,0.3630000352859497,0.048962175846099854,0.4181239604949951
27162413,1414441453897,36448882767000,0.4344712793827057,0.03460684418678284,0.32099640369415283
27162413,1414441453899,36448882767000,0.4344712793827057,0.03460684418678284,0.32099640369415283
27162413,1414441453904,36448892746000,0.46287649869918823,-0.0948965847492218,0.16736379265785217
27162413,1414441453906,36448892746000,0.46287649869918823,-0.0948965847492218,0.16736379265785217
27162413,1414441453914,36448905259000,0.2759517431259155,-0.2812104821205139,0.05038309842348099
27162413,1414441453917,36448905259000,0.2759517431259155,-0.2812104821205139,0.05038309842348099
27162413,1414441453922,36448912735000,-0.04780684411525726,-0.24852919578552246,5.975812673568726E-4
27162413,1414441453923,36448912735000,-0.04780684411525726,-0.24852919578552246,5.975812673568726E-4
27162413,1414441453932,36448922745000,-0.3553774952888489,0.02452757954597473,-0.02994568645954132
27162413,1414441453934,36448922745000,-0.3553774952888489,0.02452757954597473,-0.02994568645954132
27162413,1414441453944,36448932755000,-0.5346664786338806,0.23497065901756287,-0.04216298460960388
27162413,1414441453946,36448932755000,-0.5346664786338806,0.23497065901756287,-0.04216298460960388
