27144645,1414435605884,31258463344000,-0.7061070799827576,-0.9303478002548218,-0.05100725218653679
27144645,1414435605893,31258471920000,-0.7323743104934692,-1.143234372138977,-0.11514809727668762
27144645,1414435605901,31258480465000,-0.7262656688690186,-1.2614368200302124,-0.1566869467496872
27144645,1414435605913,31258491970000,-0.6987767219543457,-1.2806791067123413,-0.2477058619260788
27144645,1414435605921,31258500484000,-0.6569324135780334,-1.2602150440216064,-0.3426953852176666
27144645,1414435605933,31258512020000,-0.6425771117210388,-1.2006556987762451,-0.4657847583293915
27144645,1414435605943,31258522335000,-0.6523509621620178,-1.1621711254119873,-0.5879577994346619
27144645,1414435605953,31258531978000,-0.6199750900268555,-1.112691044807434,-0.6029239892959595
27144645,1414435605961,31258540523000,-0.5830177664756775,-1.020450472831726,-0.5335907936096191
27144645,1414435605974,31258552486000,-0.49474772810935974,-0.9303478002548218,-0.49785515666007996
27144645,1414435605982,31258560635000,-0.40311795473098755,-0.8930850028991699,-0.44196099042892456
27144645,1414435605994,31258572323000,-0.3154587745666504,-0.8323038816452026,-0.39309176802635193
27144646,1414435606004,31258582455000,-0.2445984184741974,-0.7721336483955383,-0.3347541391849518
27144646,1414435606014,31258592098000,-0.2036704421043396,-0.6969972848892212,-0.2718350291252136
27144646,1414435606022,31258600674000,-0.20122697949409485,-0.6108652353286743,-0.23609940707683563
27144646,1414435606037,31258612820000,-0.20947366952896118,-0.5134322643280029,-0.2226603776216507
27144646,1414435606042,31258620602000,-0.22566160559654236,-0.46761736273765564,-0.16401731967926025
27144646,1414435606053,31258632137000,-0.19114771485328674,-0.3875940144062042,-0.060781095176935196
27144646,1414435606064,31258643337000,-0.02865755185484886,-0.286190390586853,0.03237585723400116
27144646,1414435606073,31258652126000,0.14238470792770386,-0.257479727268219,0.05253440886735916
27144646,1414435606080,31258660641000,0.20041689276695251,-0.4450153708457947,-0.025961775332689285
27144646,1414435606093,31258672115000,0.1857561469078064,-0.6160576343536377,-0.10262537002563477
27144646,1414435606101,31258680660000,0.08618512004613876,-0.6976081132888794,-0.1209513247013092
27144646,1414435606113,31258692196000,-0.07508331537246704,-0.7250970602035522,-0.14477506279945374
27144646,1414435606123,31258702480000,-0.2696439027786255,-0.722959041595459,-0.17776179313659668
27144646,1414435606133,31258712185000,-0.4605392813682556,-0.6771441698074341,-0.21563543379306793
27144646,1414435606142,31258720699000,-0.6138664484024048,-0.6612616181373596,-0.23457224667072296
27144646,1414435606157,31258732235000,-0.692668080329895,-0.6673703193664551,-0.2370157092809677
27144646,1414435606164,31258740749000,-0.6945006251335144,-0.703411340713501,-0.2425134927034378
27144646,1414435606173,31258752437000,-0.6398282051086426,-0.7470881938934326,-0.26481008529663086
27144646,1414435606183,31258762569000,-0.5466712713241577,-0.9004153609275818,-0.29596421122550964
27144646,1414435606193,31258772213000,-0.459928423166275,-1.073595643043518,-0.33658674359321594
27144646,1414435606201,31258780727000,-0.3863191604614258,-1.179580807685852,-0.37232235074043274
27144646,1414435606213,31258792232000,-0.33317387104034424,-1.2192870378494263,-0.4086688458919525
27144646,1414435606221,31258800777000,-0.32095658779144287,-1.2140947580337524,-0.4538728892803192
27144646,1414435606233,31258812282000,-0.3099609911441803,-1.1869112253189087,-0.4789183437824249
27144646,1414435606243,31258822658000,-0.3038523495197296,-1.168279767036438,-0.5390886068344116
27144646,1414435606253,31258832302000,-0.3038523495197296,-1.1200214624404907,-0.6047565937042236
27144646,1414435606261,31258840816000,-0.3188185393810272,-1.0729848146438599,-0.6435465812683105
27144646,1414435606273,31258852505000,-0.3340901732444763,-1.0338894128799438,-0.638659656047821
27144646,1414435606281,31258860836000,-0.33225756883621216,-1.0015136003494263,-0.5916230082511902
27144646,1414435606293,31258872372000,-0.3292032480239868,-0.9853256344795227,-0.5540547966957092
27144646,1414435606302,31258881710000,-0.3148479163646698,-0.9728028774261475,-0.460897833108902
27144646,1414435606313,31258892361000,-0.2885807156562805,-0.9138544201850891,-0.3594941794872284
27144646,1414435606321,31258900906000,-0.264756977558136,-0.8206974864006042,-0.2635883390903473
27144646,1414435606332,31258912380000,-0.23451915383338928,-0.7021896243095398,-0.1621847301721573
27144646,1414435606340,31258920895000,-0.20183785259723663,-0.5302310585975647,-0.06230825558304787
27144646,1414435606353,31258932644000,-0.16549137234687805,-0.3289509415626526,0.018631387501955032
27144646,1414435606362,31258941585000,-0.14533281326293945,-0.1508837342262268,0.05253440886735916
27144646,1414435606375,31258952419000,-0.10165595263242722,-0.06963865458965302,0.10751228034496307
27144646,1414435606381,31258960964000,-0.059811681509017944,0.08307765424251556,0.12889257073402405
27144646,1414435606393,31258972439000,-0.039042260497808456,0.18875734508037567,0.13225232064723969
27144646,1414435606401,31258980953000,0.06816459447145462,0.2431243509054184,0.15485434234142303
27144646,1414435606413,31258992489000,0.3540495038032532,0.3692680597305298,0.1771509200334549
27144646,1414435606422,31259001644000,0.4982137382030487,0.4309654235839844,0.17867808043956757
27144646,1414435606433,31259012447000,0.686360239982605,0.3500257730484009,0.15974126756191254
27144646,1414435606442,31259020992000,0.733091413974762,0.10476337373256683,0.1365283876657486
27144646,1414435606453,31259032467000,0.6249682903289795,-0.04337145388126373,0.11423179507255554
27144646,1414435606462,31259041012000,0.3818438947200775,-0.1059851348400116,0.07788531482219696
27144646,1414435606473,31259052547000,0.06388852745294571,-0.12431109696626663,0.04795292019844055
27144646,1414435606486,31259062862000,-0.2641461193561554,-0.11026120185852051,0.06536258012056351
27144646,1414435606494,31259072536000,-0.4067831337451935,-0.06963865458965302,0.0861319974064827
27144646,1414435606505,31259081051000,-0.6040925979614258,-0.04184429347515106,0.1114829033613205
27144646,1414435606514,31259092586000,-0.6712877750396729,0.003054305911064148,0.10751228034496307
27144646,1414435606522,31259101070000,-0.6263891458511353,0.022296562790870667,0.10170906782150269
27144646,1414435606533,31259112789000,-0.5005509257316589,0.0815504938364029,0.1108720451593399
27144646,1414435606542,31259121731000,-0.32248374819755554,0.20128007233142853,0.13988813757896423
27144646,1414435606553,31259132564000,-0.22199639678001404,0.32162052392959595,0.1615738570690155
27144646,1414435606562,31259141109000,-0.013080492615699768,0.3747658133506775,0.20616701245307922
27144646,1414435606575,31259153683000,0.18972676992416382,0.485027015209198,0.2422080636024475
27144646,1414435606583,31259161190000,0.3522169291973114,0.5983424782752991,0.2678644061088562
27144646,1414435606594,31259172726000,0.4533151090145111,0.693026602268219,0.2883284091949463
27144646,1414435606604,31259183071000,0.4844692647457123,0.7513642311096191,0.3081815242767334
27144646,1414435606614,31259192715000,0.43682172894477844,0.7776314616203308,0.32039883732795715
27144646,1414435606623,31259201229000,0.3928394615650177,0.7788532376289368,0.31978797912597656
27144646,1414435606635,31259212704000,0.2929629981517792,0.7718282341957092,0.3066543638706207
27144646,1414435606645,31259221218000,0.2111070454120636,0.7400632500648499,0.29474249482154846
27144646,1414435606655,31259233181000,0.1903376281261444,0.6731734871864319,0.2919935882091522
27144646,1414435606664,31259242123000,0.25844910740852356,0.6032294034957886,0.31031954288482666
27144646,1414435606674,31259252712000,0.3766515254974365,0.5836817622184753,0.35033121705055237
27144646,1414435606683,31259261318000,0.44109782576560974,0.6331618428230286,0.37018436193466187
27144646,1414435606694,31259272793000,0.563576340675354,0.6869179606437683,0.3988950252532959
27144646,1414435606703,31259281307000,0.6335204243659973,0.8268061280250549,0.4101960361003876
27144646,1414435606715,31259293026000,0.6249682903289795,0.9480628371238708,0.3985895812511444
27144646,1414435606725,31259303860000,0.5379199981689453,1.023504614830017,0.3646865487098694
27144646,1414435606734,31259312801000,0.3919231593608856,1.0320568084716797,0.33475416898727417
27144646,1414435606743,31259321316000,0.23004385828971863,0.9361509680747986,0.2993239760398865
27144646,1414435606754,31259332821000,0.1607106626033783,0.8155050873756409,0.2819143235683441
27144646,1414435606763,31259341335000,0.05808531492948532,0.7843509316444397,0.2681698501110077
27144646,1414435606774,31259352932000,-0.0030012130737304688,0.789237916469574,0.30024027824401855
27144646,1414435606787,31259363216000,-0.021021738648414612,0.8967501521110535,0.4150829315185547
27144646,1414435606793,31259372829000,0.043729983270168304,1.1020008325576782,0.6023131012916565
27144646,1414435606802,31259381344000,0.34427568316459656,1.2660181522369385,0.6444628238677979
27144646,1414435606814,31259392849000,0.553191602230072,1.1221593618392944,0.5467243790626526
27144646,1414435606822,31259401363000,0.8131147623062134,0.91354900598526,0.21960605680942535
27144646,1414435606833,31259412899000,0.7459195852279663,0.33750301599502563,-0.0015271641314029694
27144646,1414435606845,31259424068000,0.4936322271823883,-0.22540929913520813,-0.007024951279163361
27144646,1414435606854,31259432857000,0.21446681022644043,-0.4938845634460449,0.04642575979232788
27144646,1414435606862,31259441402000,-0.04240202158689499,-0.42638397216796875,0.07452555745840073
27144646,1414435606875,31259452907000,-0.2491798996925354,-0.23090708255767822,0.09682214260101318
27144646,1414435606882,31259461422000,-0.32706522941589355,-0.06475172936916351,0.10781770944595337
27144646,1414435606895,31259473171000,-0.42724713683128357,-0.0015271753072738647,0.11667525768280029
27144646,1414435606908,31259484096000,-0.44923827052116394,0.06811146438121796,0.10476338863372803
27144646,1414435606915,31259493008000,-0.40739402174949646,0.02962695062160492,0.11636982858181
