27162414,1414441454644,36449613450000,-1.0609267950057983,-1.2549296617507935,-0.7156419157981873
27162414,1414441454645,36449625382000,-1.0456551313400269,-1.1581075191497803,-0.6246230006217957
27162414,1414441454647,36449633500000,-0.9598286747932434,-0.8969626426696777,-0.39860284328460693
27162414,1414441454650,36449603409000,-0.9604395627975464,-1.272950291633606,-0.6441706418991089
27162414,1414441454652,36449613450000,-1.0609267950057983,-1.2549296617507935,-0.7156419157981873
27162414,1414441454654,36449625382000,-1.0456551313400269,-1.1581075191497803,-0.6246230006217957
27162414,1414441454656,36449633500000,-0.9598286747932434,-0.8969626426696777,-0.39860284328460693
27162414,1414441454656,36449643479000,-0.8718640804290771,-0.6211569905281067,-0.1069146990776062
27162414,1414441454665,36449643479000,-0.8718640804290771,-0.6211569905281067,-0.1069146990776062
27162414,1414441454669,36449653489000,-0.8342958688735962,-0.45103102922439575,0.03205714374780655
27162414,1414441454672,36449653489000,-0.8342958688735962,-0.45103102922439575,0.03205714374780655
27162414,1414441454676,36449663498000,-0.7557997107505798,-0.396664023399353,0.251357764005661
27162414,1414441454679,36449663498000,-0.7557997107505798,-0.396664023399353,0.251357764005661
27162414,1414441454683,36449673508000,-0.6409569978713989,-0.3032016456127167,0.38116663694381714
27162414,1414441454685,36449673508000,-0.6409569978713989,-0.3032016456127167,0.38116663694381714
27162414,1414441454696,36449686020000,-0.5010688900947571,-0.22378915548324585,0.4236217737197876
27162414,1414441454698,36449686020000,-0.5010688900947571,-0.22378915548324585,0.4236217737197876
27162414,1414441454703,36449693528000,-0.34651994705200195,-0.16697868704795837,0.39613282680511475
27162414,1414441454705,36449693528000,-0.34651994705200195,-0.16697868704795837,0.39613282680511475
27162414,1414441454713,36449703537000,-0.19044387340545654,-0.13215936720371246,0.3442092835903168
27162414,1414441454715,36449703537000,-0.19044387340545654,-0.13215936720371246,0.3442092835903168
27162414,1414441454723,36449713547000,-0.05238833278417587,-0.10955734550952911,0.2980889678001404
27162414,1414441454725,36449713547000,-0.05238833278417587,-0.10955734550952911,0.2980889678001404
27162414,1414441454733,36449723557000,0.002894969657063484,-0.12696701288223267,0.2767086625099182
27162414,1414441454735,36449723557000,0.002894969657063484,-0.12696701288223267,0.2767086625099182
27162414,1414441454746,36449734635000,0.07589336484670639,-0.15689940750598907,0.23364266753196716
27162414,1414441454749,36449734635000,0.07589336484670639,-0.15689940750598907,0.23364266753196716
27162414,1414441454755,36449745682000,0.11376700550317764,-0.22042939066886902,0.20309939980506897
27162414,1414441454757,36449745682000,0.11376700550317764,-0.22042939066886902,0.20309939980506897
27162414,1414441454763,36449753617000,0.12415171414613724,-0.24272596836090088,0.20309939980506897
27162414,1414441454766,36449753617000,0.12415171414613724,-0.24272596836090088,0.20309939980506897
27162414,1414441454773,36449763688000,0.09880081564188004,-0.21432074904441833,0.22875574231147766
27162414,1414441454776,36449763688000,0.09880081564188004,-0.21432074904441833,0.22875574231147766
27162414,1414441454788,36449773697000,0.0655086562037468,-0.14926359057426453,0.26601850986480713
27162414,1414441454792,36449773697000,0.0655086562037468,-0.14926359057426453,0.26601850986480713
27162414,1414441454794,36449783616000,0.05970543622970581,-0.05335775017738342,0.2919802963733673
27162414,1414441454796,36449783616000,0.05970543622970581,-0.05335775017738342,0.2919802963733673
27162414,1414441454803,36449793595000,0.11498873680830002,0.012615710496902466,0.2864825129508972
27162414,1414441454805,36449793595000,0.11498873680830002,0.012615710496902466,0.2864825129508972
27162414,1414441454815,36449806168000,0.23441290855407715,0.12470945715904236,0.2113460898399353
27162414,1414441454817,36449806168000,0.23441290855407715,0.12470945715904236,0.2113460898399353
27162414,1414441454823,36449813645000,0.2982483208179474,-0.014873236417770386,0.09070020914077759
27162414,1414441454825,36449813645000,0.2982483208179474,-0.014873236417770386,0.09070020914077759
27162414,1414441454834,36449823655000,0.2683159112930298,-0.3071722686290741,0.006706230342388153
27162414,1414441454836,36449823655000,0.2683159112930298,-0.3071722686290741,0.006706230342388153
27162414,1414441454843,36449833634000,0.14278312027454376,-0.3227493166923523,-0.03300000727176666
27162414,1414441454846,36449833634000,0.14278312027454376,-0.3227493166923523,-0.03300000727176666
27162414,1414441454853,36449843674000,-0.03956016153097153,-0.2207348346710205,-0.057740047574043274
27162414,1414441454855,36449843674000,-0.03956016153097153,-0.2207348346710205,-0.057740047574043274
27162414,1414441454863,36449853653000,-0.13271711766719818,-0.16361892223358154,-0.06476500630378723
27162414,1414441454865,36449853653000,-0.13271711766719818,-0.16361892223358154,-0.06476500630378723
27162414,1414441454878,36449866196000,-0.3025376498699188,-0.11780403554439545,-0.07331711053848267
27162414,1414441454880,36449866196000,-0.3025376498699188,-0.11780403554439545,-0.07331711053848267
27162414,1414441454883,36449873673000,-0.4402877688407898,-0.011513486504554749,-0.09927888214588165
27162414,1414441454895,36449873673000,-0.4402877688407898,-0.011513486504554749,-0.09927888214588165
27162414,1414441454899,36449883683000,-0.5285577774047852,-0.006931990385055542,-0.14112316071987152
27162414,1414441454902,36449883683000,-0.5285577774047852,-0.006931990385055542,-0.14112316071987152
27162414,1414441454904,36449893692000,-0.585979163646698,-0.09825634956359863,-0.16891752183437347
27162414,1414441454911,36449893692000,-0.585979163646698,-0.09825634956359863,-0.16891752183437347
27162414,1414441454913,36449903733000,-0.6067485809326172,-0.19843824207782745,-0.17136098444461823
27162414,1414441454915,36449903733000,-0.6067485809326172,-0.19843824207782745,-0.17136098444461823
27162414,1414441454921,36449913681000,-0.5988073348999023,-0.3123646080493927,-0.16036541759967804
27162414,1414441454925,36449913681000,-0.5988073348999023,-0.3123646080493927,-0.16036541759967804
27162414,1414441454935,36449925797000,-0.5493272542953491,-0.37009137868881226,-0.15944911539554596
27162414,1414441454937,36449925797000,-0.5493272542953491,-0.37009137868881226,-0.15944911539554596
27162414,1414441454943,36449933762000,-0.4665549695491791,-0.453779935836792,-0.1728881448507309
27162414,1414441454945,36449933762000,-0.4665549695491791,-0.453779935836792,-0.1728881448507309
27162414,1414441454952,36449943772000,-0.38103383779525757,-0.45164188742637634,-0.1820511370897293
27162414,1414441454954,36449943772000,-0.38103383779525757,-0.45164188742637634,-0.1820511370897293
27162414,1414441454964,36449953751000,-0.3193364441394806,-0.39941293001174927,-0.18541087210178375
27162414,1414441454966,36449953751000,-0.3193364441394806,-0.39941293001174927,-0.18541087210178375
27162414,1414441454974,36449963761000,-0.2979561686515808,-0.38139238953590393,-0.20923464000225067
27162414,1414441454977,36449963761000,-0.2979561686515808,-0.38139238953590393,-0.20923464000225067
27162414,1414441454983,36449973771000,-0.3031485080718994,-0.4027726650238037,-0.23702900111675262
27162414,1414441454986,36449973771000,-0.3031485080718994,-0.4027726650238037,-0.23702900111675262
27162414,1414441454995,36449985672000,-0.3095625936985016,-0.4320942163467407,-0.23886160552501678
27162414,1414441454997,36449985672000,-0.3095625936985016,-0.4320942163467407,-0.23886160552501678
27162415,1414441455003,36449993790000,-0.3300265967845917,-0.44980931282043457,-0.2226736694574356
27162415,1414441455006,36449993790000,-0.3300265967845917,-0.44980931282043457,-0.2226736694574356
27162415,1414441455013,36450003830000,-0.35782095789909363,-0.4898209571838379,-0.19121409952640533
27162415,1414441455015,36450003830000,-0.35782095789909363,-0.4898209571838379,-0.19121409952640533
27162415,1414441455023,36450013810000,-0.370038241147995,-0.49745678901672363,-0.1469263881444931
27162415,1414441455025,36450013810000,-0.370038241147995,-0.49745678901672363,-0.1469263881444931
27162415,1414441455033,36450023819000,-0.3446873426437378,-0.4779090881347656,-0.09897345304489136
27162415,1414441455035,36450023819000,-0.3446873426437378,-0.4779090881347656,-0.09897345304489136
27162415,1414441455044,36450033860000,-0.2829899489879608,-0.45194733142852783,-0.038803234696388245
27162415,1414441455046,36450033860000,-0.2829899489879608,-0.45194733142852783,-0.038803234696388245
27162415,1414441455054,36450044968000,-0.2484760731458664,-0.37558916211128235,0.014647483825683594
27162415,1414441455056,36450044968000,-0.2484760731458664,-0.37558916211128235,0.014647483825683594
27162415,1414441455063,36450053818000,-0.17944830656051636,-0.2604410648345947,0.01983983814716339
27162415,1414441455065,36450053818000,-0.17944830656051636,-0.2604410648345947,0.01983983814716339
27162415,1414441455073,36450063858000,-0.05696982145309448,-0.18347203731536865,-0.01986640691757202
27162415,1414441455075,36450063858000,-0.05696982145309448,-0.18347203731536865,-0.01986640691757202
27162415,1414441455083,36450073868000,0.11162898689508438,0.0019255578517913818,-0.06537586450576782
27162415,1414441455085,36450073868000,0.11162898689508438,0.0019255578517913818,-0.06537586450576782
27162415,1414441455094,36450083909000,0.21303261816501617,0.009866803884506226,-0.07820403575897217
27162415,1414441455096,36450083909000,0.21303261816501617,0.009866803884506226,-0.07820403575897217
27162415,1414441455105,36450093888000,0.19501209259033203,-0.18286117911338806,-0.0711790919303894
27162415,1414441455107,36450093888000,0.19501209259033203,-0.18286117911338806,-0.0711790919303894
27162415,1414441455116,36450105973000,0.07283903658390045,-0.31480807065963745,-0.04735533893108368
27162415,1414441455118,36450105973000,0.07283903658390045,-0.31480807065963745,-0.04735533893108368
27162415,1414441455123,36450113907000,-0.009322334080934525,-0.3435187339782715,-0.023531600832939148
27162415,1414441455127,36450113907000,-0.009322334080934525,-0.3435187339782715,-0.023531600832939148
27162415,1414441455137,36450123917000,-0.17120161652565002,-0.3261090815067291,0.04885593801736832
27162415,1414441455140,36450123917000,-0.17120161652565002,-0.3261090815067291,0.04885593801736832
27162415,1414441455149,36450133927000,-0.27016180753707886,-0.206074059009552,0.04885593801736832
27162415,1414441455152,36450133927000,-0.27016180753707886,-0.206074059009552,0.04885593801736832
27162415,1414441455154,36450143967000,-0.29123663902282715,-0.03778068721294403,0.15881167352199554
27162415,1414441455164,36450143967000,-0.29123663902282715,-0.03778068721294403,0.15881167352199554
27162415,1414441455166,36450154007000,-0.22587405145168304,-0.02464708685874939,0.16828009486198425
27162415,1414441455168,36450154007000,-0.22587405145168304,-0.02464708685874939,0.16828009486198425
27162415,1414441455174,36450164689000,-0.04902857542037964,-0.12605071067810059,0.17805393040180206
27162415,1414441455176,36450164689000,-0.04902857542037964,-0.12605071067810059,0.17805393040180206
27162415,1414441455183,36450173966000,0.0655086562037468,-0.14956903457641602,0.18446801602840424
27162415,1414441455185,36450173966000,0.0655086562037468,-0.14956903457641602,0.18446801602840424
27162415,1414441455193,36450184037000,0.29549941420555115,-0.11688773334026337,0.1905766725540161
27162415,1414441455195,36450184037000,0.29549941420555115,-0.11688773334026337,0.1905766725540161
27162415,1414441455203,36450194016000,0.49219802021980286,0.012004822492599487,0.21867647767066956
27162415,1414441455205,36450194016000,0.49219802021980286,0.012004822492599487,0.21867647767066956
27162415,1414441455213,36450204026000,0.6348350644111633,0.18182536959648132,0.2470816969871521
27162415,1414441455216,36450204026000,0.6348350644111633,0.18182536959648132,0.2470816969871521
27162415,1414441455224,36450214188000,0.7145529389381409,0.3052201569080353,0.24311107397079468
27162415,1414441455226,36450214188000,0.7145529389381409,0.3052201569080353,0.24311107397079468
27162415,1414441455234,36450224747000,0.7579243779182434,0.3296547830104828,0.24066761136054993
27162415,1414441455236,36450224747000,0.7579243779182434,0.3296547830104828,0.24066761136054993
27162415,1414441455245,36450234055000,0.7744177579879761,0.340650349855423,0.2980889678001404
27162415,1414441455247,36450234055000,0.7744177579879761,0.340650349855423,0.2980889678001404
27162415,1414441455253,36450244034000,0.7673928141593933,0.3901304304599762,0.34940165281295776
27162415,1414441455256,36450244034000,0.7673928141593933,0.3901304304599762,0.34940165281295776
27162415,1414441455276,36450254075000,0.716385543346405,0.4145650565624237,0.4587464928627014
27162415,1414441455279,36450264084000,0.6479686498641968,0.4050966203212738,0.531439483165741
27162415,1414441455283,36450254075000,0.716385543346405,0.4145650565624237,0.4587464928627014
27162415,1414441455286,36450264084000,0.6479686498641968,0.4050966203212738,0.531439483165741
27162415,1414441455289,36450274125000,0.6247557401657104,0.29147568345069885,0.5570958256721497
27162415,1414441455293,36450274125000,0.6247557401657104,0.29147568345069885,0.5570958256721497
27162415,1414441455295,36450285050000,0.6772902011871338,0.10058030486106873,0.5558741092681885
27162415,1414441455298,36450285050000,0.6772902011871338,0.10058030486106873,0.5558741092681885
27162415,1414441455304,36450294114000,0.800684928894043,-0.08237384259700775,0.5632044672966003
27162415,1414441455307,36450294114000,0.800684928894043,-0.08237384259700775,0.5632044672966003
27162415,1414441455313,36450304093000,0.8862060904502869,-0.16758954524993896,0.5900825262069702
27162415,1414441455315,36450304093000,0.8862060904502869,-0.16758954524993896,0.5900825262069702
27162415,1414441455323,36450314103000,1.0792396068572998,-0.19294045865535736,0.6041324138641357
27162415,1414441455326,36450314103000,1.0792396068572998,-0.19294045865535736,0.6041324138641357
27162415,1414441455333,36450324143000,1.203856110572815,-0.1904969960451126,0.6062704920768738
27162415,1414441455335,36450324143000,1.203856110572815,-0.1904969960451126,0.6062704920768738
27162415,1414441455345,36450334183000,1.165066123008728,-0.10833561420440674,0.5809195637702942
27162415,1414441455348,36450334183000,1.165066123008728,-0.10833561420440674,0.5809195637702942
27162415,1414441455354,36450345078000,0.9753924012184143,0.06270664930343628,0.5625935792922974
27162415,1414441455357,36450345078000,0.9753924012184143,0.06270664930343628,0.5625935792922974
27162415,1414441455364,36450354172000,0.7936599850654602,0.1925155222415924,0.4752398729324341
27162415,1414441455366,36450354172000,0.7936599850654602,0.1925155222415924,0.4752398729324341
27162415,1414441455376,36450364212000,0.6058189272880554,0.09294447302818298,0.2968672215938568
27162415,1414441455378,36450364212000,0.6058189272880554,0.09294447302818298,0.2968672215938568
27162415,1414441455384,36450374161000,0.4344712793827057,-0.1355191171169281,0.22783945500850677
27162415,1414441455387,36450374161000,0.4344712793827057,-0.1355191171169281,0.22783945500850677
27162415,1414441455395,36450384171000,-0.020012475550174713,-0.18316662311553955,0.15881167352199554
27162415,1414441455397,36450384171000,-0.020012475550174713,-0.18316662311553955,0.15881167352199554
27162415,1414441455405,36450394211000,-0.40730103850364685,-0.06007726490497589,0.11971630156040192
27162415,1414441455408,36450394211000,-0.40730103850364685,-0.06007726490497589,0.11971630156040192
27162415,1414441455415,36450405106000,-0.614078938961029,0.136621356010437,0.11085875332355499
27162415,1414441455418,36450405106000,-0.614078938961029,0.136621356010437,0.11085875332355499
27162415,1414441455425,36450414261000,-0.6681405305862427,0.22611311078071594,0.09436539560556412
27162415,1414441455428,36450414261000,-0.6681405305862427,0.22611311078071594,0.09436539560556412
27162415,1414441455434,36450424241000,-0.6104137301445007,0.2633759081363678,0.037249498069286346
27162415,1414441455436,36450424241000,-0.6104137301445007,0.2633759081363678,0.037249498069286346
